C:\python_examples\quantum>python numerical_quantum_gates.py
Matrix = [[1, 2, 3, 4], [5, 6, 7, 8], [9, 10, 11, 12]]
Pauli_X = [[0, 1], [1, 0]]
Pauli_Y = [[0, -1j], [1j, 0]]
Pauli_Z = [[1, 0], [0, -1]]
Hadamard = [[ 0.70710678  0.70710678]
 [ 0.70710678 -0.70710678]]
Phase = [[1, 0], [0, 1j]]
PI/8 = [[1, 0], [0, 2.1932800507380152]]
Controlled NOT = [[1, 0, 0, 0], [0, 1, 0, 0], [0, 0, 0, 1], [0, 0, 1, 0]]
Controlled Z = [[1, 0, 0, 0], [0, 1, 0, 0], [0, 0, 1, 0], [0, 0, 0, -1]]
SWAP = [[1, 0, 0, 0], [0, 0, 1, 0], [0, 1, 0, 0], [0, 0, 0, 1]]
TOFFOLI (CCNOT, CCX, TOFF) = [[1, 0, 0, 0, 0, 0, 0, 0], [0, 1, 0, 0, 0, 0, 0, 0], [0, 0, 1, 0, 0, 0, 0, 0], [0, 0, 0, 1, 0, 0, 0, 0], [0, 0, 0, 0, 1, 0, 0, 0], [0, 0, 0, 0, 0, 1, 0, 0], [0, 0, 0, 0, 0, 0, 0, 1], [0, 0, 0, 0, 0, 0, 1, 0]]

C:\python_examples\quantum>